{
 "cells": [
  {
   "cell_type": "markdown",
   "metadata": {
    "id": "uyaoDpvQm3-7",
    "jp-MarkdownHeadingCollapsed": true,
    "tags": []
   },
   "source": [
    "# Load your IBM Quantum account and get the quantum backend\n",
    "\n",
    "We'll be using the 27-qubit device `ibmq_montreal` for this tutorial."
   ]
  },
  {
   "cell_type": "code",
   "execution_count": 1,
   "metadata": {},
   "outputs": [
    {
     "name": "stdout",
     "output_type": "stream",
     "text": [
      "No se clonará el repositorio debido a que ya existe en el sistema\n"
     ]
    }
   ],
   "source": [
    "import os\n",
    "path = 'qiskit-runtime'\n",
    "  # Check whether the specified\n",
    "# path exists or not\n",
    "Exist = os.path.exists(path)\n",
    "\n",
    "#Si no existe el path clonaremos el repositorio en ese path, si ya existe no haremos nada.\n",
    "if Exist == False: \n",
    "    print('Clonando Repositorio...')\n",
    "    !git clone https://github.com/Qiskit-Partners/qiskit-runtime.git\n",
    "    \n",
    "else: \n",
    "    print('No se clonará el repositorio debido a que ya existe en el sistema')"
   ]
  },
  {
   "cell_type": "code",
   "execution_count": 2,
   "metadata": {
    "id": "hyQtkRzvm3-8"
   },
   "outputs": [],
   "source": [
    "import sys\n",
    "sys.path.insert(0, 'qiskit-runtime') # Path al repositorio de RUNTIME desde IBM Quantum Lab"
   ]
  },
  {
   "cell_type": "markdown",
   "metadata": {
    "id": "5usaKTRWm3-9"
   },
   "source": [
    "# Invoke the Quantum Kernel Alignment program\n",
    "\n",
    "Before executing the runtime program for QKA, we need to prepare the dataset and configure the input parameters for the algorithm.\n",
    "\n",
    "### 1. Prepare the dataset\n",
    "\n",
    "First, we load the dataset from the `csv` file and then extract the labeled training and test samples. Here, we'll look at the 7-qubit problem, shown above in subfigure a). A second dataset is also available for the 10-qubit problem in b)."
   ]
  },
  {
   "cell_type": "code",
   "execution_count": 3,
   "metadata": {
    "id": "LhDGm_x8m3--"
   },
   "outputs": [],
   "source": [
    "# Libraries needed for the tutorial\n",
    "\n",
    "import pandas as pd\n",
    "import requests\n",
    "import io\n",
    "    \n",
    "# Downloading the csv file from your GitHub account\n",
    "\n",
    "url = \"https://raw.githubusercontent.com/Qiskit-Partners/qiskit-runtime/main/qiskit_runtime/qka/aux_file/dataset_graph7.csv\" # Make sure the url is the raw version of the file on GitHub\n",
    "\n",
    "# Reading the downloaded content and turning it into a pandas dataframe\n",
    "\n",
    "df = pd.read_csv(url,header= None)\n",
    "\n",
    "#columns = [0, 1, 2, 3, 4, 5, 6, 7, 8, 9,14]\n",
    "\n",
    "#df = df[columns]\n",
    "\n",
    "data = df.values"
   ]
  },
  {
   "cell_type": "markdown",
   "metadata": {
    "id": "HmC4mlORm3--"
   },
   "source": [
    "Let's take a look at the data to see how it's formatted. Each row of the dataset contains a list of Euler angles, followed by the class label $\\pm1$ in the last column. For an $n$-qubit problem, there are $2n$ features corresponding to the first two Euler angles for each qubit (recall discussion above). The rows alternate between class labels."
   ]
  },
  {
   "cell_type": "code",
   "execution_count": 4,
   "metadata": {},
   "outputs": [
    {
     "data": {
      "text/html": [
       "<div>\n",
       "<style scoped>\n",
       "    .dataframe tbody tr th:only-of-type {\n",
       "        vertical-align: middle;\n",
       "    }\n",
       "\n",
       "    .dataframe tbody tr th {\n",
       "        vertical-align: top;\n",
       "    }\n",
       "\n",
       "    .dataframe thead th {\n",
       "        text-align: right;\n",
       "    }\n",
       "</style>\n",
       "<table border=\"1\" class=\"dataframe\">\n",
       "  <thead>\n",
       "    <tr style=\"text-align: right;\">\n",
       "      <th></th>\n",
       "      <th>0</th>\n",
       "      <th>1</th>\n",
       "      <th>2</th>\n",
       "      <th>3</th>\n",
       "      <th>4</th>\n",
       "      <th>5</th>\n",
       "      <th>6</th>\n",
       "      <th>7</th>\n",
       "      <th>8</th>\n",
       "      <th>9</th>\n",
       "      <th>10</th>\n",
       "      <th>11</th>\n",
       "      <th>12</th>\n",
       "      <th>13</th>\n",
       "      <th>14</th>\n",
       "    </tr>\n",
       "  </thead>\n",
       "  <tbody>\n",
       "    <tr>\n",
       "      <th>0</th>\n",
       "      <td>-0.193574</td>\n",
       "      <td>0.113979</td>\n",
       "      <td>-0.005927</td>\n",
       "      <td>0.300957</td>\n",
       "      <td>-0.358603</td>\n",
       "      <td>-0.087866</td>\n",
       "      <td>-0.156226</td>\n",
       "      <td>0.342442</td>\n",
       "      <td>-0.016003</td>\n",
       "      <td>0.143113</td>\n",
       "      <td>0.256422</td>\n",
       "      <td>-0.164125</td>\n",
       "      <td>-0.136743</td>\n",
       "      <td>0.014674</td>\n",
       "      <td>1.0</td>\n",
       "    </tr>\n",
       "    <tr>\n",
       "      <th>1</th>\n",
       "      <td>-0.100006</td>\n",
       "      <td>0.002431</td>\n",
       "      <td>0.244218</td>\n",
       "      <td>0.126870</td>\n",
       "      <td>-0.063891</td>\n",
       "      <td>-0.085588</td>\n",
       "      <td>0.072490</td>\n",
       "      <td>0.042986</td>\n",
       "      <td>-0.052714</td>\n",
       "      <td>0.019754</td>\n",
       "      <td>-0.159314</td>\n",
       "      <td>-0.409991</td>\n",
       "      <td>-0.199615</td>\n",
       "      <td>0.053845</td>\n",
       "      <td>-1.0</td>\n",
       "    </tr>\n",
       "    <tr>\n",
       "      <th>2</th>\n",
       "      <td>-1.774448</td>\n",
       "      <td>-0.047642</td>\n",
       "      <td>-0.025880</td>\n",
       "      <td>0.252708</td>\n",
       "      <td>-0.350689</td>\n",
       "      <td>-1.604509</td>\n",
       "      <td>-0.114874</td>\n",
       "      <td>0.347631</td>\n",
       "      <td>0.059501</td>\n",
       "      <td>-0.168956</td>\n",
       "      <td>0.351014</td>\n",
       "      <td>-0.128586</td>\n",
       "      <td>0.098897</td>\n",
       "      <td>-0.047799</td>\n",
       "      <td>1.0</td>\n",
       "    </tr>\n",
       "    <tr>\n",
       "      <th>3</th>\n",
       "      <td>-0.211585</td>\n",
       "      <td>-0.043782</td>\n",
       "      <td>-1.560226</td>\n",
       "      <td>0.018510</td>\n",
       "      <td>-0.051867</td>\n",
       "      <td>-0.128508</td>\n",
       "      <td>0.218609</td>\n",
       "      <td>-0.075632</td>\n",
       "      <td>-0.183656</td>\n",
       "      <td>-1.715292</td>\n",
       "      <td>-0.105361</td>\n",
       "      <td>-0.300758</td>\n",
       "      <td>-0.566431</td>\n",
       "      <td>0.046542</td>\n",
       "      <td>-1.0</td>\n",
       "    </tr>\n",
       "    <tr>\n",
       "      <th>4</th>\n",
       "      <td>-0.105965</td>\n",
       "      <td>0.208387</td>\n",
       "      <td>-0.003896</td>\n",
       "      <td>0.163816</td>\n",
       "      <td>-0.332541</td>\n",
       "      <td>-1.594675</td>\n",
       "      <td>-1.889321</td>\n",
       "      <td>-0.251937</td>\n",
       "      <td>0.374445</td>\n",
       "      <td>-1.431062</td>\n",
       "      <td>0.290588</td>\n",
       "      <td>0.118851</td>\n",
       "      <td>0.048799</td>\n",
       "      <td>-0.073023</td>\n",
       "      <td>1.0</td>\n",
       "    </tr>\n",
       "    <tr>\n",
       "      <th>...</th>\n",
       "      <td>...</td>\n",
       "      <td>...</td>\n",
       "      <td>...</td>\n",
       "      <td>...</td>\n",
       "      <td>...</td>\n",
       "      <td>...</td>\n",
       "      <td>...</td>\n",
       "      <td>...</td>\n",
       "      <td>...</td>\n",
       "      <td>...</td>\n",
       "      <td>...</td>\n",
       "      <td>...</td>\n",
       "      <td>...</td>\n",
       "      <td>...</td>\n",
       "      <td>...</td>\n",
       "    </tr>\n",
       "    <tr>\n",
       "      <th>123</th>\n",
       "      <td>-1.860920</td>\n",
       "      <td>-0.030419</td>\n",
       "      <td>-1.688612</td>\n",
       "      <td>0.007305</td>\n",
       "      <td>0.066572</td>\n",
       "      <td>-1.711844</td>\n",
       "      <td>-1.393033</td>\n",
       "      <td>-0.083453</td>\n",
       "      <td>0.055720</td>\n",
       "      <td>-1.518301</td>\n",
       "      <td>-1.576734</td>\n",
       "      <td>0.208194</td>\n",
       "      <td>-1.813403</td>\n",
       "      <td>-0.106302</td>\n",
       "      <td>-1.0</td>\n",
       "    </tr>\n",
       "    <tr>\n",
       "      <th>124</th>\n",
       "      <td>-0.316567</td>\n",
       "      <td>-1.599647</td>\n",
       "      <td>0.113329</td>\n",
       "      <td>-1.413006</td>\n",
       "      <td>-1.761544</td>\n",
       "      <td>-0.044818</td>\n",
       "      <td>-1.810205</td>\n",
       "      <td>-0.289997</td>\n",
       "      <td>-1.566337</td>\n",
       "      <td>-0.277979</td>\n",
       "      <td>-1.298275</td>\n",
       "      <td>-1.490769</td>\n",
       "      <td>-1.663696</td>\n",
       "      <td>-1.562536</td>\n",
       "      <td>1.0</td>\n",
       "    </tr>\n",
       "    <tr>\n",
       "      <th>125</th>\n",
       "      <td>-1.489406</td>\n",
       "      <td>-1.564369</td>\n",
       "      <td>-0.012539</td>\n",
       "      <td>0.023483</td>\n",
       "      <td>-1.559397</td>\n",
       "      <td>-1.477378</td>\n",
       "      <td>-1.423428</td>\n",
       "      <td>-1.385349</td>\n",
       "      <td>-0.111253</td>\n",
       "      <td>0.088187</td>\n",
       "      <td>-1.501800</td>\n",
       "      <td>-1.270020</td>\n",
       "      <td>-1.645927</td>\n",
       "      <td>-0.106986</td>\n",
       "      <td>-1.0</td>\n",
       "    </tr>\n",
       "    <tr>\n",
       "      <th>126</th>\n",
       "      <td>-1.744036</td>\n",
       "      <td>-1.852529</td>\n",
       "      <td>-0.048826</td>\n",
       "      <td>-1.300941</td>\n",
       "      <td>-1.853251</td>\n",
       "      <td>-1.660622</td>\n",
       "      <td>-1.767232</td>\n",
       "      <td>-0.162640</td>\n",
       "      <td>-1.314748</td>\n",
       "      <td>-0.055515</td>\n",
       "      <td>-1.308294</td>\n",
       "      <td>-1.485198</td>\n",
       "      <td>-1.535383</td>\n",
       "      <td>-1.519175</td>\n",
       "      <td>1.0</td>\n",
       "    </tr>\n",
       "    <tr>\n",
       "      <th>127</th>\n",
       "      <td>-1.722786</td>\n",
       "      <td>-1.501960</td>\n",
       "      <td>-1.365953</td>\n",
       "      <td>-0.079926</td>\n",
       "      <td>-1.527680</td>\n",
       "      <td>-1.344128</td>\n",
       "      <td>-1.358803</td>\n",
       "      <td>-1.409152</td>\n",
       "      <td>-0.308980</td>\n",
       "      <td>-1.561450</td>\n",
       "      <td>-1.702210</td>\n",
       "      <td>-1.354104</td>\n",
       "      <td>-1.798914</td>\n",
       "      <td>-0.375672</td>\n",
       "      <td>-1.0</td>\n",
       "    </tr>\n",
       "  </tbody>\n",
       "</table>\n",
       "<p>128 rows × 15 columns</p>\n",
       "</div>"
      ],
      "text/plain": [
       "           0         1         2         3         4         5         6   \\\n",
       "0   -0.193574  0.113979 -0.005927  0.300957 -0.358603 -0.087866 -0.156226   \n",
       "1   -0.100006  0.002431  0.244218  0.126870 -0.063891 -0.085588  0.072490   \n",
       "2   -1.774448 -0.047642 -0.025880  0.252708 -0.350689 -1.604509 -0.114874   \n",
       "3   -0.211585 -0.043782 -1.560226  0.018510 -0.051867 -0.128508  0.218609   \n",
       "4   -0.105965  0.208387 -0.003896  0.163816 -0.332541 -1.594675 -1.889321   \n",
       "..        ...       ...       ...       ...       ...       ...       ...   \n",
       "123 -1.860920 -0.030419 -1.688612  0.007305  0.066572 -1.711844 -1.393033   \n",
       "124 -0.316567 -1.599647  0.113329 -1.413006 -1.761544 -0.044818 -1.810205   \n",
       "125 -1.489406 -1.564369 -0.012539  0.023483 -1.559397 -1.477378 -1.423428   \n",
       "126 -1.744036 -1.852529 -0.048826 -1.300941 -1.853251 -1.660622 -1.767232   \n",
       "127 -1.722786 -1.501960 -1.365953 -0.079926 -1.527680 -1.344128 -1.358803   \n",
       "\n",
       "           7         8         9         10        11        12        13   14  \n",
       "0    0.342442 -0.016003  0.143113  0.256422 -0.164125 -0.136743  0.014674  1.0  \n",
       "1    0.042986 -0.052714  0.019754 -0.159314 -0.409991 -0.199615  0.053845 -1.0  \n",
       "2    0.347631  0.059501 -0.168956  0.351014 -0.128586  0.098897 -0.047799  1.0  \n",
       "3   -0.075632 -0.183656 -1.715292 -0.105361 -0.300758 -0.566431  0.046542 -1.0  \n",
       "4   -0.251937  0.374445 -1.431062  0.290588  0.118851  0.048799 -0.073023  1.0  \n",
       "..        ...       ...       ...       ...       ...       ...       ...  ...  \n",
       "123 -0.083453  0.055720 -1.518301 -1.576734  0.208194 -1.813403 -0.106302 -1.0  \n",
       "124 -0.289997 -1.566337 -0.277979 -1.298275 -1.490769 -1.663696 -1.562536  1.0  \n",
       "125 -1.385349 -0.111253  0.088187 -1.501800 -1.270020 -1.645927 -0.106986 -1.0  \n",
       "126 -0.162640 -1.314748 -0.055515 -1.308294 -1.485198 -1.535383 -1.519175  1.0  \n",
       "127 -1.409152 -0.308980 -1.561450 -1.702210 -1.354104 -1.798914 -0.375672 -1.0  \n",
       "\n",
       "[128 rows x 15 columns]"
      ]
     },
     "execution_count": 4,
     "metadata": {},
     "output_type": "execute_result"
    }
   ],
   "source": [
    "df"
   ]
  },
  {
   "cell_type": "markdown",
   "metadata": {
    "id": "Y6bBITPLm3_A"
   },
   "source": [
    "Now, let's explicitly construct the training and test samples (denoted `x`) and their labels (denoted `y`)."
   ]
  },
  {
   "cell_type": "code",
   "execution_count": 5,
   "metadata": {
    "id": "PO5vK_fnm3_A"
   },
   "outputs": [],
   "source": [
    "import numpy as np\n",
    "\n",
    "# choose number of training and test samples per class:\n",
    "num_train = 10\n",
    "num_test = 10\n",
    "\n",
    "# extract training and test sets and sort them by class label\n",
    "train = data[:2*num_train, :]\n",
    "test = data[2*num_train:2*(num_train+num_test), :]\n",
    "\n",
    "ind=np.argsort(train[:,-1])\n",
    "x_train = train[ind][:,:-1]\n",
    "y_train = train[ind][:,-1]\n",
    "\n",
    "ind=np.argsort(test[:,-1])\n",
    "x_test = test[ind][:,:-1]\n",
    "y_test = test[ind][:,-1]\n"
   ]
  },
  {
   "cell_type": "markdown",
   "metadata": {
    "id": "NanBf92km3_A"
   },
   "source": [
    "### 2. Configure the QKA algorithm\n",
    "\n",
    "The first task is to set up the feature map and its entangler map, which specifies the arrangement of $CZ$ gates in the fiducial state. We will choose this to match the connectivity of the problem subgraph, pictured above. We also initialize the fiducial state parameter $\\lambda$ with `initial_point`."
   ]
  },
  {
   "cell_type": "code",
   "execution_count": 6,
   "metadata": {},
   "outputs": [
    {
     "name": "stderr",
     "output_type": "stream",
     "text": [
      "<frozen importlib._bootstrap>:219: RuntimeWarning: scipy._lib.messagestream.MessageStream size changed, may indicate binary incompatibility. Expected 56 from C header, got 64 from PyObject\n"
     ]
    }
   ],
   "source": [
    "import numpy as np\n",
    "import numpy.matlib as matl\n",
    "import matplotlib.pyplot as plt\n",
    "from sklearn.svm import SVC\n",
    "from matplotlib.colors import ListedColormap\n",
    "from IPython.display import display\n",
    "\n",
    "import pandas as pd\n",
    "import sklearn.preprocessing as skpp\n",
    "\n",
    "from sklearn.model_selection import GridSearchCV\n",
    "from sklearn.model_selection import train_test_split\n",
    "from sklearn.model_selection import cross_val_score\n",
    "from sklearn import cluster, datasets, mixture\n",
    "\n",
    "\n",
    "\n",
    "np.random.seed(19)"
   ]
  },
  {
   "cell_type": "code",
   "execution_count": 7,
   "metadata": {},
   "outputs": [
    {
     "name": "stdout",
     "output_type": "stream",
     "text": [
      "Training time: 0.5702366828918457s\n",
      "Best model:\n",
      "{'C': 10, 'break_ties': False, 'cache_size': 200, 'class_weight': None, 'coef0': 1.0, 'decision_function_shape': 'ovr', 'degree': 1, 'gamma': 1.0, 'kernel': 'poly', 'max_iter': -1, 'probability': True, 'random_state': None, 'shrinking': True, 'tol': 0.001, 'verbose': False}\n",
      "Score in training set = 1.000000\n",
      "Score in test set = 0.700000\n"
     ]
    }
   ],
   "source": [
    "import time\n",
    "\n",
    "grid = [{'C': [0.1,1.0,10],\n",
    "         'gamma': ['auto',1.0,0.1], \n",
    "         'kernel': ['rbf','poly'],\n",
    "         'degree': [1,2,3,4,5],\n",
    "         'coef0':[1.0]}]\n",
    "\n",
    "clf_gridsearch = GridSearchCV(estimator=SVC(probability=True), param_grid=grid, cv=5)\n",
    "start = time.time()\n",
    "clf_gridsearch.fit(x_train, y_train) \n",
    "stop = time.time()\n",
    "print(f\"Training time: {stop - start}s\") \n",
    "\n",
    "# Imprimimos los resultados para el mejor clasificador:\n",
    "clf = clf_gridsearch.best_estimator_\n",
    "print(\"Best model:\")\n",
    "print(clf.get_params())\n",
    "\n",
    "# Calculamos el acierto en los conjuntos de entrenamiento y test:\n",
    "score_train = clf.score(x_train, y_train)\n",
    "print(\"Score in training set = %f\" % (score_train))\n",
    "\n",
    "score_test = clf.score(x_test, y_test)\n",
    "print(\"Score in test set = %f\" % (score_test))"
   ]
  },
  {
   "cell_type": "code",
   "execution_count": 8,
   "metadata": {
    "colab": {
     "base_uri": "https://localhost:8080/",
     "height": 368
    },
    "id": "nuuOQW3hm3_B",
    "outputId": "1b7e862d-a781-41f1-8831-003fc5d67537"
   },
   "outputs": [],
   "source": [
    "from qiskit_runtime.qka import FeatureMap\n",
    "\n",
    "d = np.shape(data)[1]-1                                         # feature dimension is twice the qubit number\n",
    "\n",
    "em = [\n",
    "    [0, 2],\n",
    "    [3, 4],\n",
    "    [2, 5],\n",
    "    [1, 4],\n",
    "    [2, 3],\n",
    "    [4, 6],\n",
    "] # we'll match this to the 7-qubit graph              \n",
    "# em = [[0,1],[2,3],[4,5],[6,7],[8,9],[1,2],[3,4],[5,6],[7,8]]  # we'll match this to the 10-qubit graph\n",
    "\n",
    "fm = FeatureMap(feature_dimension=d, entangler_map=em)          # define the feature map\n",
    "initial_point = [0.1]                                           # set the initial parameter for the feature map"
   ]
  },
  {
   "cell_type": "markdown",
   "metadata": {
    "id": "Sh61Y1MRm3_B"
   },
   "source": [
    "Let's print out the circuit for the feature map (the circuit for the kernel will be a feature map for one data sample composed with an inverse feature map for a second sample). The first part of the feature map is the fiducial state, which is prepared with a layer of $y$ rotations followed by $CZ$s. Then, the last two layers of $z$ and $x$ rotations in the circuit denote the group representation $D(\\theta)$ for a data sample $\\theta$. Note that a single-qubit rotation is defined as $RP(\\phi) = \\exp(- i [\\phi/2] P)$ for $P \\in {X, Y, Z}$."
   ]
  },
  {
   "cell_type": "code",
   "execution_count": 9,
   "metadata": {
    "id": "oQjR_870m3_B",
    "outputId": "9952dfdc-3654-4b18-a0fa-26ee8a827d68"
   },
   "outputs": [
    {
     "data": {
      "text/html": [
       "<pre style=\"word-wrap: normal;white-space: pre;background: #fff0;line-height: 1.1;font-family: &quot;Courier New&quot;,Courier,monospace\">     ┌──────────┐   ┌──────────────┐ ┌────────────┐                                                 \n",
       "q_0: ┤ Ry(-0.1) ├─■─┤ Rz(-0.38383) ├─┤ Rx(3.3378) ├─────────────────────────────────────────────────\n",
       "     ├──────────┤ │ └──────────────┘ └────────────┘┌──────────────┐ ┌──────────────┐                \n",
       "q_1: ┤ Ry(-0.1) ├─┼────────────────────────■───────┤ Rz(-0.11811) ├─┤ Rx(-0.20449) ├────────────────\n",
       "     ├──────────┤ │                        │       └──────────────┘ └┬────────────┬┘┌─────────────┐ \n",
       "q_2: ┤ Ry(-0.1) ├─■────────■───────────────┼──────────────■──────────┤ Rz(3.4802) ├─┤ Rx(0.15495) ├─\n",
       "     ├──────────┤          │               │              │         ┌┴────────────┤ ├─────────────┴┐\n",
       "q_3: ┤ Ry(-0.1) ├─■────────┼───────────────┼──────────────■─────────┤ Rz(0.34764) ├─┤ Rx(-0.54085) ├\n",
       "     ├──────────┤ │        │               │                        ├─────────────┤ ├──────────────┤\n",
       "q_4: ┤ Ry(-0.1) ├─■────────┼───────────────■──────────────■─────────┤ Rz(0.34312) ├─┤ Rx(-0.14015) ├\n",
       "     ├──────────┤          │        ┌─────────────┐       │        ┌┴─────────────┴┐└──────────────┘\n",
       "q_5: ┤ Ry(-0.1) ├──────────■────────┤ Rz(0.51497) ├───────┼────────┤ Rx(-0.029293) ├────────────────\n",
       "     ├──────────┤                   └─────────────┘       │        └┬──────────────┤┌─────────────┐ \n",
       "q_6: ┤ Ry(-0.1) ├─────────────────────────────────────────■─────────┤ Rz(-0.42725) ├┤ Rx(0.44115) ├─\n",
       "     └──────────┘                                                   └──────────────┘└─────────────┘ </pre>"
      ],
      "text/plain": [
       "     ┌──────────┐   ┌──────────────┐ ┌────────────┐                                                 \n",
       "q_0: ┤ Ry(-0.1) ├─■─┤ Rz(-0.38383) ├─┤ Rx(3.3378) ├─────────────────────────────────────────────────\n",
       "     ├──────────┤ │ └──────────────┘ └────────────┘┌──────────────┐ ┌──────────────┐                \n",
       "q_1: ┤ Ry(-0.1) ├─┼────────────────────────■───────┤ Rz(-0.11811) ├─┤ Rx(-0.20449) ├────────────────\n",
       "     ├──────────┤ │                        │       └──────────────┘ └┬────────────┬┘┌─────────────┐ \n",
       "q_2: ┤ Ry(-0.1) ├─■────────■───────────────┼──────────────■──────────┤ Rz(3.4802) ├─┤ Rx(0.15495) ├─\n",
       "     ├──────────┤          │               │              │         ┌┴────────────┤ ├─────────────┴┐\n",
       "q_3: ┤ Ry(-0.1) ├─■────────┼───────────────┼──────────────■─────────┤ Rz(0.34764) ├─┤ Rx(-0.54085) ├\n",
       "     ├──────────┤ │        │               │                        ├─────────────┤ ├──────────────┤\n",
       "q_4: ┤ Ry(-0.1) ├─■────────┼───────────────■──────────────■─────────┤ Rz(0.34312) ├─┤ Rx(-0.14015) ├\n",
       "     ├──────────┤          │        ┌─────────────┐       │        ┌┴─────────────┴┐└──────────────┘\n",
       "q_5: ┤ Ry(-0.1) ├──────────■────────┤ Rz(0.51497) ├───────┼────────┤ Rx(-0.029293) ├────────────────\n",
       "     ├──────────┤                   └─────────────┘       │        └┬──────────────┤┌─────────────┐ \n",
       "q_6: ┤ Ry(-0.1) ├─────────────────────────────────────────■─────────┤ Rz(-0.42725) ├┤ Rx(0.44115) ├─\n",
       "     └──────────┘                                                   └──────────────┘└─────────────┘ "
      ]
     },
     "execution_count": 9,
     "metadata": {},
     "output_type": "execute_result"
    }
   ],
   "source": [
    "from qiskit.tools.visualization import circuit_drawer\n",
    "circuit_drawer(fm.construct_circuit(x=x_train[0], parameters=initial_point), \n",
    "               output='text', fold=200)"
   ]
  },
  {
   "cell_type": "markdown",
   "metadata": {
    "id": "8A-bjyh3m3_C"
   },
   "source": [
    "Next, we set the values for the SVM soft-margin penalty `C` and the number of SPSA iterations `maxiters` we use to align the quantum kernel."
   ]
  },
  {
   "cell_type": "code",
   "execution_count": 10,
   "metadata": {
    "id": "fPs6nBzmm3_D"
   },
   "outputs": [],
   "source": [
    "C = 1                                                           # SVM soft-margin penalty\n",
    "maxiters = 10                                                   # number of SPSA iterations"
   ]
  },
  {
   "cell_type": "markdown",
   "metadata": {
    "id": "cilEJuigm3_D"
   },
   "source": [
    "Finally, we decide how to map the virtual qubits of our problem graph to the physical qubits of the hardware. For example, in the 7-qubit problem, we can directly map the virtual qubits `[0, 1, 2, 3, 4, 5, 6]` to the physical qubits `[10, 11, 12, 13, 14, 15, 16]` of the device. This allows us to avoid introducing SWAP gates for qubits that are not connected, which can increase the circuit depth. "
   ]
  },
  {
   "cell_type": "code",
   "execution_count": 11,
   "metadata": {
    "id": "a5Eo-u66m3_E"
   },
   "outputs": [],
   "source": [
    "initial_layout = [10, 11, 12, 13, 14, 15, 16]                   # see figure above for the 7-qubit graph\n",
    "# initial_layout = [9, 8, 11, 14, 16, 19, 22, 25, 24, 23]       # see figure above for the 10-qubit graph"
   ]
  },
  {
   "cell_type": "markdown",
   "metadata": {
    "id": "MefJnZHUm3_E"
   },
   "source": [
    "### 3. Set up and run the program\n",
    "\n",
    "We're almost ready to run the program. First, let's take a look at the program metadata, which includes a description of the input parameters and their default values."
   ]
  },
  {
   "cell_type": "markdown",
   "metadata": {
    "id": "xl2xIn-Wm3_F"
   },
   "source": [
    "We see that this program has several input parameters, which we'll configure below. To run the program, we'll set up its two main components: `inputs` (the input parameters from the program metadata) and `options` (the quantum backend). We'll also define a callback function so that the intermediate results of the algorithm will be printed as the program runs. Note that each step of the algorithm for the settings we've selected here takes approximately 11 minutes."
   ]
  },
  {
   "cell_type": "code",
   "execution_count": 12,
   "metadata": {
    "id": "NSg6xkB-m3_F"
   },
   "outputs": [],
   "source": [
    "def interim_result_callback(job_id, interim_result):\n",
    "    print(f\"interim result: {interim_result}\\n\")"
   ]
  },
  {
   "cell_type": "code",
   "execution_count": 13,
   "metadata": {
    "id": "kER-9S-7m3_F",
    "outputId": "6d90dde7-1f76-4e7c-c485-68b079512e49"
   },
   "outputs": [
    {
     "name": "stdout",
     "output_type": "stream",
     "text": [
      "c94s8s03vrh92e71rtkg\n",
      "interim result: {'cost': 11.833607201924274, 'kernel_parameters': array([0.24230665])}\n",
      "\n",
      "interim result: {'cost': 11.161217951189371, 'kernel_parameters': array([0.45640994])}\n",
      "\n",
      "interim result: {'cost': 9.337862188255892, 'kernel_parameters': array([0.70755898])}\n",
      "\n",
      "interim result: {'cost': 7.007005496740668, 'kernel_parameters': array([0.88722927])}\n",
      "\n",
      "interim result: {'cost': 5.6984919014837825, 'kernel_parameters': array([1.00480097])}\n",
      "\n",
      "interim result: {'cost': 5.112264733131618, 'kernel_parameters': array([1.08058047])}\n",
      "\n",
      "interim result: {'cost': 4.76371989842748, 'kernel_parameters': array([1.13901238])}\n",
      "\n",
      "interim result: {'cost': 4.575294972360512, 'kernel_parameters': array([1.18324921])}\n",
      "\n",
      "interim result: {'cost': 4.461741637631928, 'kernel_parameters': array([1.21589843])}\n",
      "\n",
      "interim result: {'cost': 4.397969667649619, 'kernel_parameters': array([1.24106524])}\n",
      "\n",
      "interim result: {'aligned_kernel_parameters': array([1.24106524]), 'aligned_kernel_matrix': array([[1.        , 0.46813965, 0.70703125, 0.6739502 , 0.76074219,\n",
      "        0.4564209 , 0.53869629, 0.51464844, 0.52539062, 0.68200684,\n",
      "        0.43884277, 0.28894043, 0.40710449, 0.28222656, 0.2442627 ,\n",
      "        0.41650391, 0.54785156, 0.46936035, 0.40161133, 0.35546875],\n",
      "       [0.46813965, 1.        , 0.38134766, 0.5982666 , 0.56726074,\n",
      "        0.57324219, 0.74401855, 0.56787109, 0.69689941, 0.59033203,\n",
      "        0.42626953, 0.17211914, 0.38476562, 0.34069824, 0.45556641,\n",
      "        0.35168457, 0.30883789, 0.41247559, 0.31396484, 0.39538574],\n",
      "       [0.70703125, 0.38134766, 1.        , 0.65454102, 0.76062012,\n",
      "        0.62280273, 0.54321289, 0.64611816, 0.5078125 , 0.54931641,\n",
      "        0.31286621, 0.23046875, 0.30004883, 0.19555664, 0.18603516,\n",
      "        0.29760742, 0.39208984, 0.3536377 , 0.31176758, 0.26953125],\n",
      "       [0.6739502 , 0.5982666 , 0.65454102, 1.        , 0.72119141,\n",
      "        0.65759277, 0.49621582, 0.65869141, 0.6048584 , 0.59118652,\n",
      "        0.35852051, 0.19116211, 0.3815918 , 0.20336914, 0.26794434,\n",
      "        0.28466797, 0.38586426, 0.34631348, 0.27832031, 0.36853027],\n",
      "       [0.76074219, 0.56726074, 0.76062012, 0.72119141, 1.        ,\n",
      "        0.61230469, 0.70251465, 0.57299805, 0.73486328, 0.69018555,\n",
      "        0.39074707, 0.21862793, 0.42346191, 0.21765137, 0.2713623 ,\n",
      "        0.3157959 , 0.43493652, 0.43640137, 0.36999512, 0.32763672],\n",
      "       [0.4564209 , 0.57324219, 0.62280273, 0.65759277, 0.61230469,\n",
      "        1.        , 0.61340332, 0.6817627 , 0.76281738, 0.5769043 ,\n",
      "        0.35144043, 0.1953125 , 0.34179688, 0.2232666 , 0.32873535,\n",
      "        0.24536133, 0.33532715, 0.33129883, 0.26928711, 0.47021484],\n",
      "       [0.53869629, 0.74401855, 0.54321289, 0.49621582, 0.70251465,\n",
      "        0.61340332, 1.        , 0.48999023, 0.80334473, 0.67443848,\n",
      "        0.40075684, 0.20043945, 0.36975098, 0.3503418 , 0.44934082,\n",
      "        0.35046387, 0.32641602, 0.43920898, 0.3392334 , 0.38476562],\n",
      "       [0.51464844, 0.56787109, 0.64611816, 0.65869141, 0.57299805,\n",
      "        0.6817627 , 0.48999023, 1.        , 0.52978516, 0.67358398,\n",
      "        0.38049316, 0.24975586, 0.32836914, 0.23461914, 0.25061035,\n",
      "        0.27185059, 0.34545898, 0.43286133, 0.35388184, 0.35168457],\n",
      "       [0.52539062, 0.69689941, 0.5078125 , 0.6048584 , 0.73486328,\n",
      "        0.76281738, 0.80334473, 0.52978516, 1.        , 0.71496582,\n",
      "        0.43139648, 0.18078613, 0.46630859, 0.26452637, 0.41003418,\n",
      "        0.2869873 , 0.33288574, 0.41809082, 0.30310059, 0.47265625],\n",
      "       [0.68200684, 0.59033203, 0.54931641, 0.59118652, 0.69018555,\n",
      "        0.5769043 , 0.67443848, 0.67358398, 0.71496582, 1.        ,\n",
      "        0.54248047, 0.3223877 , 0.61572266, 0.36767578, 0.42297363,\n",
      "        0.40026855, 0.55041504, 0.68029785, 0.52160645, 0.5793457 ],\n",
      "       [0.43884277, 0.42626953, 0.31286621, 0.35852051, 0.39074707,\n",
      "        0.35144043, 0.40075684, 0.38049316, 0.43139648, 0.54248047,\n",
      "        1.        , 0.56445312, 0.60949707, 0.60461426, 0.67370605,\n",
      "        0.71325684, 0.6895752 , 0.63098145, 0.51049805, 0.67749023],\n",
      "       [0.28894043, 0.17211914, 0.23046875, 0.19116211, 0.21862793,\n",
      "        0.1953125 , 0.20043945, 0.24975586, 0.18078613, 0.3223877 ,\n",
      "        0.56445312, 1.        , 0.42431641, 0.53137207, 0.3527832 ,\n",
      "        0.59204102, 0.72607422, 0.55236816, 0.64941406, 0.53100586],\n",
      "       [0.40710449, 0.38476562, 0.30004883, 0.3815918 , 0.42346191,\n",
      "        0.34179688, 0.36975098, 0.32836914, 0.46630859, 0.61572266,\n",
      "        0.60949707, 0.42431641, 1.        , 0.46350098, 0.64904785,\n",
      "        0.62805176, 0.64013672, 0.57299805, 0.65979004, 0.65332031],\n",
      "       [0.28222656, 0.34069824, 0.19555664, 0.20336914, 0.21765137,\n",
      "        0.2232666 , 0.3503418 , 0.23461914, 0.26452637, 0.36767578,\n",
      "        0.60461426, 0.53137207, 0.46350098, 1.        , 0.69763184,\n",
      "        0.71643066, 0.55529785, 0.53686523, 0.6151123 , 0.65588379],\n",
      "       [0.2442627 , 0.45556641, 0.18603516, 0.26794434, 0.2713623 ,\n",
      "        0.32873535, 0.44934082, 0.25061035, 0.41003418, 0.42297363,\n",
      "        0.67370605, 0.3527832 , 0.64904785, 0.69763184, 1.        ,\n",
      "        0.63720703, 0.41882324, 0.49182129, 0.48291016, 0.67285156],\n",
      "       [0.41650391, 0.35168457, 0.29760742, 0.28466797, 0.3157959 ,\n",
      "        0.24536133, 0.35046387, 0.27185059, 0.2869873 , 0.40026855,\n",
      "        0.71325684, 0.59204102, 0.62805176, 0.71643066, 0.63720703,\n",
      "        1.        , 0.70300293, 0.5177002 , 0.67956543, 0.57019043],\n",
      "       [0.54785156, 0.30883789, 0.39208984, 0.38586426, 0.43493652,\n",
      "        0.33532715, 0.32641602, 0.34545898, 0.33288574, 0.55041504,\n",
      "        0.6895752 , 0.72607422, 0.64013672, 0.55529785, 0.41882324,\n",
      "        0.70300293, 1.        , 0.65368652, 0.72631836, 0.67993164],\n",
      "       [0.46936035, 0.41247559, 0.3536377 , 0.34631348, 0.43640137,\n",
      "        0.33129883, 0.43920898, 0.43286133, 0.41809082, 0.68029785,\n",
      "        0.63098145, 0.55236816, 0.57299805, 0.53686523, 0.49182129,\n",
      "        0.5177002 , 0.65368652, 1.        , 0.59191895, 0.57324219],\n",
      "       [0.40161133, 0.31396484, 0.31176758, 0.27832031, 0.36999512,\n",
      "        0.26928711, 0.3392334 , 0.35388184, 0.30310059, 0.52160645,\n",
      "        0.51049805, 0.64941406, 0.65979004, 0.6151123 , 0.48291016,\n",
      "        0.67956543, 0.72631836, 0.59191895, 1.        , 0.55786133],\n",
      "       [0.35546875, 0.39538574, 0.26953125, 0.36853027, 0.32763672,\n",
      "        0.47021484, 0.38476562, 0.35168457, 0.47265625, 0.5793457 ,\n",
      "        0.67749023, 0.53100586, 0.65332031, 0.65588379, 0.67285156,\n",
      "        0.57019043, 0.67993164, 0.57324219, 0.55786133, 1.        ]])}\n",
      "\n"
     ]
    }
   ],
   "source": [
    "from qiskit import IBMQ\n",
    "\n",
    "IBMQ.load_account()\n",
    "provider = IBMQ.get_provider(\n",
    "\thub='ibm-q',\n",
    "\tgroup='open',\n",
    "\tproject='main'\n",
    ")\n",
    "\n",
    "program_inputs = {\n",
    "    'feature_map': fm,\n",
    "    'data': x_train,\n",
    "    'labels': y_train,\n",
    "    'initial_kernel_parameters': initial_point,\n",
    "    'maxiters': maxiters,\n",
    "    'C': C,\n",
    "    'initial_layout': initial_layout\n",
    "}\n",
    "\n",
    "options = {'backend_name': 'ibmq_qasm_simulator'}\n",
    "\n",
    "job = provider.runtime.run(program_id=\"quantum-kernel-alignment\",\n",
    "                              options=options,\n",
    "                              inputs=program_inputs,\n",
    "                              callback=interim_result_callback,\n",
    "                              )\n",
    "\n",
    "print(job.job_id())\n",
    "result = job.result()"
   ]
  },
  {
   "cell_type": "markdown",
   "metadata": {
    "id": "FpESCBbBm3_G"
   },
   "source": [
    "### 4. Retrieve the results of the program\n",
    "\n",
    "Now that we've run the program, we can retrieve the output, which is the aligned kernel parameter and the aligned kernel matrix. Let's also plot this kernel matrix (we'll subtract off the diagonal to show the contrast between the remaining entries). The kernel matrix is expected to have a block-diagonal structure. This reflects the fact that the kernel maps the input data effectively to just two states (modulo the small noise we added to the data; recall the discussion above). That is, data in the same coset (same class label) have a larger overlap than do data from different cosets."
   ]
  },
  {
   "cell_type": "code",
   "execution_count": 14,
   "metadata": {
    "id": "IdwciJo-m3_G",
    "outputId": "ccf2bbe4-1e12-41b9-cb55-805e86a7f16f",
    "scrolled": true
   },
   "outputs": [
    {
     "name": "stdout",
     "output_type": "stream",
     "text": [
      "aligned_kernel_parameters: [1.24106524]\n"
     ]
    },
    {
     "data": {
